214
6889
1847
25937
28284
23090
25561
2742
32372
15778
12940
13810
31153
9545
5461
10283
26781
24128
28289
603
31263
15175
645
4055
12909
14961
3975
2760
3308
31146
15612
5781
19307
4879
28532
23307
28605
6870
9792
30233
5640
6358
22743
16357
2150
7107
30200
3891
11538
13435
9516
16399
15412
16075
22858
9734
3541
27415
31573
18279
5750
27077
23081
3403
25606
27208
28256
3329
6012
32136
11089
9219
1549
28181
17422
12873
10507
27557
23475
31041
16000
2499
15959
30196
4446
29909
28398
4720
11126
30633
6049
30114
4452
26805
30466
22444
2148
6239
18247
22292
