8502
6288
26952
5755
8288
21407
10224
17959
31986
8284
17042
19112
7465
17835
589
22627
26883
25802
14422
16846
2073
18924
29061
8462
22613
26226
2441
20416
6160
25191
10428
6009
20166
27340
14552
14715
22314
17680
18142
23873
30853
13438
25456
11174
27315
14794
21174
32649
8028
30587
1658
27685
11192
1916
3985
11476
22816
8466
19453
6895
30625
8521
1051
11004
25954
24019
5342
14702
3945
510
1909
12311
26650
19260
30201
26513
14154
3640
9083
14130
2593
11247
1084
23341
9932
30750
6591
27590
26736
23941
2888
28251
27726
10102
2717
31356
2988
6533
2361
16676
