25747
13176
23934
7159
6116
19497
28784
3843
18280
9965
21295
2551
615
26574
13912
1329
7970
13759
21576
6392
29145
31547
1725
5690
509
21653
11818
5001
16366
28517
6088
10425
21145
29115
32348
10146
9902
9469
74
10074
21096
18049
29403
14271
7027
15742
26108
8398
700
11257
13299
24451
18965
31481
8054
7491
23257
31602
22094
28238
3434
1659
20912
17626
7745
24038
25181
9020
29125
1207
13477
4761
18502
5020
10065
5226
26810
22722
27356
14396
18337
14903
13894
27608
20191
22496
21948
1329
1319
3896
25888
18433
3404
15571
32688
16256
4671
10985
20244
19937
