31512
5734
12362
3674
1448
4973
31709
6170
12468
19510
11677
19733
28215
10209
24777
22648
2714
17414
14947
786
27207
31069
27206
23062
11536
15114
24694
28
2187
10322
19305
11813
13488
26514
24639
29557
14588
28941
24080
8867
13277
13677
21541
30237
9833
21658
103
5793
26661
4092
3852
1342
21246
24082
19260
7043
25989
15551
21260
4297
8843
30638
24966
20579
17187
29261
16669
4410
10752
4270
21505
13037
10767
6468
676
3845
23068
7339
16898
20899
19139
2295
27077
23107
4132
19213
7756
19866
25512
27554
6171
19293
26737
458
9248
26124
26722
20099
9217
5249
