20023
10012
24270
21187
18471
17995
900
4450
26765
18467
19899
28556
11248
17894
11686
14875
5285
14081
17100
11642
30097
18713
10093
16050
14890
23151
32305
7670
13059
18299
2836
30818
11450
16235
20629
16982
20047
31998
24086
7185
23389
1120
4579
27522
19073
7786
24665
18676
21096
24612
31107
12311
2337
32572
31533
4195
5553
17648
6457
18492
14540
11925
31001
10219
24172
22189
21982
15344
19584
16932
4977
14752
3481
4729
28701
21523
22121
15085
28790
8367
6962
10660
30280
16217
10880
29962
12424
2819
18880
5895
29027
23664
32506
1535
22989
18776
22796
25131
18281
5371
