8184
3726
27078
32354
3790
6654
7968
4171
292
5756
22685
21580
31863
10875
13034
24435
13653
10912
6910
15226
9522
21233
29198
17282
18431
25040
23104
23688
10088
16845
22372
15510
28420
19861
20072
14504
28159
18948
5089
28494
7020
6495
24321
245
8072
15894
24255
8819
21350
32526
19938
29306
29834
12436
29219
7477
16290
25043
6169
14717
2374
9850
13170
14049
9586
8474
2438
3059
11077
5732
13044
20651
23878
22343
8585
29188
11348
24821
16621
18542
20157
418
22803
5472
5797
18417
30468
28106
13032
29974
21466
14717
31143
31745
24147
25557
25804
19337
13554
6491
