31867
19071
29703
17781
23119
16779
20769
30572
30582
13190
29580
17209
10737
26020
9521
3387
23021
31964
30618
20420
6919
2498
27121
32584
4682
3204
24892
1689
28759
8562
4643
32021
15379
16649
30484
629
31990
15690
29242
3795
28649
26222
1528
8565
18342
10127
19584
10666
853
7673
32449
32010
19929
3985
20176
27941
21551
12520
8959
22514
5065
5238
3533
12425
8978
10637
9375
29822
19484
2553
25436
31420
6451
13464
6089
26957
31645
15546
31151
2754
2235
30345
21578
25941
24639
8036
1143
31281
27407
25487
28190
18319
8832
15291
8422
4737
266
5310
31901
22442
