12863
28283
28123
31729
12062
31987
23095
31421
17898
23973
12616
4258
18486
30692
27333
29149
4672
28775
21536
15101
23630
13302
11418
21380
8530
12912
42
4232
5685
8304
26819
3537
16825
5078
30094
382
21850
20990
10909
29491
26409
22557
31504
3544
12990
30099
22156
10229
6740
12923
29743
26347
29060
13687
17421
25846
1649
13820
31830
5800
8115
24556
19608
23306
4120
25260
20850
24902
24671
9328
5124
18651
30165
11382
14558
11798
25122
22030
3089
29628
5048
16841
15457
19702
1709
29449
247
2095
7792
27139
14693
27684
21588
11781
29207
195
24456
11591
21514
14642
