17628
714
28377
10440
13189
13395
25584
26509
272
24639
30548
18864
25775
16394
11483
8012
4940
3663
1467
613
4243
16665
6420
11983
21206
11449
22643
12664
28495
26193
31564
26087
22654
30310
28633
26074
6401
27880
20760
7333
15150
28827
32456
22398
20140
20483
9196
11217
18835
10614
14043
9691
28216
23897
14878
12112
2457
14745
6022
32222
18208
23413
4223
24369
22331
13292
177
15145
9335
7937
15471
25803
1613
23119
18306
30846
18437
6384
1030
26368
22147
31689
136
12674
28123
27100
12258
26585
32349
18867
25258
21966
7687
6174
7430
16094
13352
20545
6066
84
