23246
14629
22730
26809
29884
14561
850
20879
10158
14551
22047
12076
11039
8442
9032
29904
12580
30725
22465
6163
18512
12195
11811
9154
14684
26094
7717
26619
24379
16645
27486
16986
25821
3631
27516
18273
29697
12702
8900
19836
12520
2453
18789
14665
6750
26312
12603
24644
17260
17573
24620
4814
15877
6076
28325
28678
30048
4128
17029
23287
22507
10862
21638
23946
24648
13254
19941
19748
10524
4300
24551
32667
26658
14020
12594
28578
5384
7096
345
12768
17038
19563
12587
7378
21615
7409
12696
12495
1392
18303
9433
31745
23764
12911
21913
27049
32510
9569
15499
3086
