567
12898
1540
19554
31206
16571
27338
17817
2583
10928
16747
30970
7400
27356
14920
5235
13136
32361
24681
23948
24629
29870
5368
22386
7541
14361
12903
22942
21098
21147
32215
28254
8847
3593
3761
20777
31702
21728
31003
1498
1182
25829
9625
1708
13126
29176
9712
2431
8490
4395
17993
9087
16446
18281
28368
30576
2339
6910
23616
5070
304
8329
13411
5091
22533
23845
28408
32174
20776
27234
385
25893
14520
5415
2664
22361
28542
22891
21979
30252
26285
5926
26831
4604
27543
24160
14421
32711
13357
20668
8411
18665
2953
2939
3310
6454
18979
4812
19175
8435
