29630
32517
30181
20467
32534
11444
8979
3195
9842
23386
19280
16595
2972
27851
15794
10730
25650
18688
30460
14981
3913
22538
20015
9289
29258
139
24809
2380
8982
11239
3029
32410
23322
18082
1201
15831
10950
28776
28690
23181
10865
14791
29181
17005
18674
10660
31933
12697
31586
12227
19555
16284
27059
4648
20659
24660
1520
6710
3414
13920
10138
7025
25783
25769
24807
32375
32054
780
19833
29776
1112
27087
29196
16758
32260
28156
1252
17825
3967
13672
28165
20002
23234
9304
18881
22159
28863
14945
4087
20063
28646
3129
20223
2153
27744
15799
4150
3743
12854
18689
