27013
22153
4697
27075
8950
8598
7004
21172
19219
5222
31009
8994
22528
8280
16002
3617
18841
1728
18927
14674
30931
4888
24070
12089
5142
1589
20352
8821
30891
18703
11537
5194
23534
12787
4073
20110
3309
21609
27099
22431
13481
28478
9457
8121
27307
8998
14903
15018
16521
6223
13392
10531
31379
9301
8579
27049
8395
12353
19548
31118
1973
16986
17723
30693
11707
4535
10274
31794
28997
4285
9089
2666
28796
12943
10032
7313
12680
32708
21499
15524
25742
21958
25637
780
16905
8956
1428
28729
26877
28618
30250
30790
6240
2945
2011
24901
18322
30645
12813
7423
