10237
29621
4235
29197
28794
6043
5657
31049
27630
3101
8786
21612
21956
25603
13760
10026
23294
12601
15207
15876
10617
5170
5748
19340
3276
25455
24412
14476
18762
22503
18829
6199
6674
14065
11397
28488
2433
14692
11578
26957
27331
24436
5175
22005
28107
19485
8977
30454
20572
27569
25000
10892
11054
6742
17324
30880
6376
31711
14383
23738
1936
8896
6830
28907
29494
9873
7174
6669
423
20780
25999
11463
31360
10881
11860
16355
4325
30888
234
9367
511
18013
9539
1622
17131
1322
11509
19615
13794
22774
15454
3017
3090
16450
21889
13975
15140
875
8179
13163
