3760
1235
30132
9606
8674
23429
18515
1164
15767
11314
24137
13618
9446
11330
29453
13467
30280
11974
29746
21912
18156
30125
22199
25548
12787
2747
18460
20364
14361
13775
21808
6250
4539
10689
29018
4181
29227
11927
23610
3523
20969
18559
17097
22895
23249
28158
6899
8092
666
29941
23850
19717
24816
27007
25602
32721
18826
14141
18964
11192
5237
17562
14390
7062
19467
3773
14359
7624
4866
9996
22536
7670
24060
28569
25455
24180
13110
24568
19935
13772
1020
20588
1856
19154
31860
160
12339
10803
17527
14788
12028
25157
23091
28396
3355
14718
13110
19790
26093
32175
