549
5409
18158
24845
22506
3006
8627
8944
30235
4774
7596
15890
21571
8009
9888
5826
17426
15283
11038
5959
28125
29408
6291
7144
30858
24548
15585
3397
19612
19521
32054
7235
17790
8201
23475
3630
10246
22002
22554
14060
6327
22111
11488
21167
2429
9609
25972
25726
11379
20695
12019
32623
28857
24358
29203
31533
30848
29949
21000
19725
26054
26210
22254
25383
27776
28015
27431
7415
24953
9661
27229
16718
7715
18297
11959
5126
17653
31238
16065
15770
3217
21287
19871
17507
26943
27679
4418
9545
13740
28828
25543
26122
23619
29386
24329
30528
13921
24550
12288
9658
