13811
10343
16506
25428
26002
5088
4794
13521
14535
16632
12739
18712
31160
26710
14758
28736
13603
25666
29289
32702
27179
23191
9835
2774
5692
3164
10413
11331
6622
31920
19919
7321
16619
15117
11298
6935
22807
12800
18407
12799
4805
4996
28271
6031
641
15226
31500
6407
26120
26971
12483
1848
9924
16054
29870
10174
27291
966
13
32263
7020
10060
8160
22186
30861
15808
16117
7744
18022
29228
25376
31350
10402
20604
15683
13054
28165
13495
6578
10161
8074
25333
7517
25987
9511
27019
29863
16295
15255
32178
21250
3
1430
1341
2169
5408
4269
2170
12104
31999
