27564
3412
12919
26478
12202
3716
19493
28451
9636
3568
10190
1599
16569
27666
26305
17669
27647
21369
30206
11932
17083
17556
3820
22580
30573
20405
18556
5753
502
26005
29779
14772
9708
30242
2381
20722
373
31080
17480
8621
9320
22680
7569
27667
6038
7115
2278
3086
4195
10182
21761
3851
24267
11784
11740
1781
4624
11748
31105
16379
13578
22649
16671
2653
295
22331
2912
4751
3027
28817
690
10421
23057
22239
28273
26162
2564
23083
23049
24898
32718
19341
28407
14017
712
15909
16374
30649
18699
16401
26774
28032
15839
16990
998
7819
5435
6685
3425
3487
