31681
23117
19626
28082
31091
9998
12564
16270
24108
26982
30271
26248
4882
11651
19221
11046
4826
989
24094
21787
4050
17215
5707
20112
31742
32471
9105
10072
8175
14292
1020
20358
2204
26430
18453
3692
31791
4282
19439
4011
31049
25112
25827
16078
2989
16190
8487
19102
29197
1903
16528
20454
12254
24157
25014
11224
17151
13975
6676
24692
8242
3695
20940
19363
3084
12560
18658
17317
11368
6834
28191
24043
10633
10913
25776
1378
12980
8026
29913
8518
13096
14649
4757
13297
20912
12435
21248
25253
25313
28
23494
24894
27253
27114
16745
9966
9207
24869
312
17138
