2107
4465
16987
8021
10283
24391
22040
28380
30819
1004
17843
16935
13950
22025
6032
16333
19799
22051
23064
5261
27555
26404
12914
1751
22111
15931
26254
14665
10619
1656
22640
16034
10503
17551
13742
26908
21982
910
32547
8886
958
21176
32389
7802
31959
15028
15906
1505
17305
12152
10526
7772
24533
27912
1298
11943
5368
29097
18811
20629
8773
7168
26403
26311
28599
1612
5999
11764
7905
32675
23580
24709
6560
823
16306
25422
18189
21629
7945
13407
26852
8576
32283
28027
19934
32129
21618
21431
19282
10746
7134
15525
20001
10029
8903
23021
10561
5341
938
24589
