6197
7306
26988
23321
26126
19990
10801
10931
10537
7843
5998
21728
5380
2724
15308
5140
25797
29882
6708
3211
17438
13839
25477
20725
24135
18351
3389
19476
3310
14014
5953
20845
4338
23030
21806
204
5156
31847
3454
28565
28083
8369
29601
31297
24232
9632
29251
24756
9493
17950
4774
4259
29990
23653
9466
30621
2649
12690
2579
10880
31388
23897
8245
21984
11984
9795
9510
15723
30633
19466
27674
21322
30614
25521
13454
12872
23381
21808
28768
23090
17599
3226
31257
10231
1235
5788
10141
29477
12184
31745
27682
29386
1679
20432
2530
10863
5688
3620
3435
4548
