27990
31498
1523
13732
27843
12078
5590
23433
13087
32566
399
7270
8338
9458
21380
11042
2285
21844
17187
22745
12995
23414
30984
19017
11182
2892
24047
20785
11257
3164
12216
1849
3523
9324
31509
16597
7564
28846
26166
3366
23449
29089
8130
14173
32176
30960
1407
9906
14143
11980
29088
6806
9926
25941
30611
11983
26740
17703
12683
22294
12723
9231
1472
21630
28505
26005
22877
7956
30626
26649
5742
18509
27938
32227
31129
30752
23249
3929
20633
12142
10414
28382
24740
29661
28810
10444
14634
10379
761
19392
20401
9609
32704
25676
24332
21502
1295
29267
27816
20350
