15135
3576
13405
1614
11957
11608
5850
30113
25200
29654
7193
21972
10835
369
21948
21258
32621
172
27759
5541
18648
10735
22024
18331
17917
14884
19509
26911
16226
28862
28203
32534
21973
22592
7524
20977
177
5791
31791
18367
1415
7652
12738
30846
22399
10555
12388
16075
13007
21874
26098
5498
10106
29412
3201
9006
18705
22293
22925
283
26916
3857
20157
4486
4859
18960
9348
10354
1980
2603
18018
29961
24700
18320
30569
24284
3923
25834
29227
11850
17113
30708
31529
26271
8910
22263
13363
14057
22022
31567
7675
9374
13939
21960
29710
26925
15966
24272
21480
679
