14839
11102
19736
13445
24342
27921
10466
16008
12393
4132
333
8880
4773
19678
8268
8722
4877
22875
8944
25294
6611
8221
1599
14097
7034
1123
17298
18541
17775
18116
4747
4649
29502
10061
2409
30146
14788
11682
14903
4872
19864
30545
9574
32242
16197
3432
521
16419
30666
8775
14616
9785
10433
15373
17755
30302
26268
14693
29522
12785
25653
1207
11428
879
17121
2621
31594
14963
28988
29015
18915
10106
32587
26168
5896
18900
13247
27927
16878
17182
5433
32197
21614
18409
19383
11703
9108
26484
8228
28469
12023
12923
28522
18108
14742
25703
879
10619
2324
11365
