23
13417
875
13202
31585
29032
5200
19637
19889
18938
24080
16629
25918
2598
2607
23642
24796
19903
28848
3945
3218
31646
26617
22939
2524
29875
18128
18497
26274
22921
27186
19549
16591
2622
7003
13352
19816
15934
10743
19763
31622
23633
28395
10652
32260
30273
465
26919
24136
30918
19221
353
13636
18188
13132
28488
5977
29688
18090
32490
2588
3435
5681
17869
22813
8073
4003
23114
2490
17176
14495
6553
19935
18730
5987
16436
19605
3484
10788
18530
17924
27735
29076
2637
25009
21356
3993
16182
10680
14790
7760
18420
4067
21487
17219
12568
15345
27522
193
13220
