16175
27375
8373
1348
29378
19663
31242
28242
3740
21881
15787
32664
9784
21568
28250
31657
13441
9400
19142
17905
3758
3052
29064
26149
22859
3364
26829
10318
21503
13784
17051
10383
31626
26217
15072
7641
15307
22562
27168
21
16322
12191
14823
12013
28526
29300
19105
18439
8734
9502
12291
12791
32161
13084
16002
28741
31446
15745
1697
25806
21182
30715
16149
8528
22953
12635
29383
16911
15938
3056
3543
28835
8719
9940
27020
877
5030
20370
7760
27335
25305
25020
19006
31818
4800
8255
12453
25703
25457
17474
1945
29368
12671
13879
32027
19151
11874
24939
2377
25788
