97
7592
20244
26860
7809
19610
14114
21551
2600
8527
3854
3565
6237
17941
21180
3535
15084
14096
21832
1636
16625
16136
307
28302
22333
13510
30208
14455
22919
29339
28788
27989
11291
17251
16309
16795
31920
9225
27347
8324
27314
29014
5756
27572
12262
17793
27114
11240
14775
30996
15005
18431
29727
22600
5432
19584
12062
12479
8544
26178
14000
1963
10702
23362
9860
32611
30619
491
4075
14230
10221
28019
15031
6498
13312
10123
17653
24864
21125
30586
6021
27886
8247
14041
11638
21290
2676
28874
13207
18349
20578
7277
4630
5356
14249
21931
10761
26387
12659
20846
