25142
31919
3308
12758
6385
7656
15665
203
18651
21104
27991
13010
10931
1135
13315
29946
8389
8305
30951
18885
19071
12601
13005
3311
22830
6152
27391
19878
5731
1454
10028
5524
26992
32040
29693
11569
5966
13873
28154
25321
2211
17725
26829
6296
28856
590
31752
15107
8100
1521
16498
16611
20092
19955
11192
26283
11085
32332
22739
13171
4837
5568
11897
17946
9728
31401
8846
26253
22426
6746
23959
5741
29123
27172
8589
32758
10090
22978
4053
7282
21995
30713
21485
14821
4351
10907
32176
25090
13306
252
27767
12749
11464
14763
14657
1819
22387
25236
13570
13284
