14085
26641
25549
28356
15725
27894
11589
22011
32593
21302
23264
28335
21710
17357
28073
4462
5494
8829
4812
25452
29749
30117
18260
14681
14980
26365
6084
3929
23133
24001
23399
8070
23030
17639
16947
18706
29729
20899
25722
12517
23060
11035
6407
27222
25490
23128
31415
17634
30135
31726
1129
13464
17546
4647
28767
6895
26025
28401
24229
17315
17896
8588
10608
21372
19031
14060
5947
19799
25817
15329
32123
18899
834
941
31152
15795
20749
22973
18319
15496
19910
13662
20542
16304
1162
15563
21738
10352
7431
30714
32183
13749
14851
15220
27344
14064
27039
5587
578
5522
