30015
16805
22228
7405
17957
30259
12059
18331
15444
25305
25626
4612
31299
637
3780
11229
28073
18890
11537
28484
11293
23879
10903
19731
26456
32261
11298
8125
1027
13085
22883
14109
3843
14401
26053
3912
32591
29960
1746
28663
6938
29003
6221
6211
735
17648
1952
14595
15015
28872
7396
6519
5367
790
14189
29953
15275
12159
2974
597
25733
10221
25599
13097
2035
1385
21300
21587
29257
18222
25291
11675
16676
18291
8863
5482
7837
11807
19226
25253
1091
31834
7927
14443
5532
25117
2775
24752
3818
21657
22356
32635
7858
354
4196
16232
25299
19749
24767
28557
