20583
18244
25699
17049
32104
28364
12661
17812
15841
16683
5338
15436
29131
4966
13946
22433
25172
8521
894
27352
11849
1282
3587
14603
10784
18034
10776
11261
3605
23099
12153
21332
23377
30623
17491
23591
14049
14279
17422
13350
27833
16753
11370
11848
17479
17440
16270
24036
23913
27627
15128
29774
19958
10486
29401
19192
14640
19258
6208
25931
25429
3211
7809
23087
26872
5067
15003
16988
25109
30793
7804
14686
6968
20612
23184
21573
12941
28927
5982
30664
12497
6983
30429
22516
6105
25771
18266
7408
32076
23401
5828
21159
7857
21049
28021
20290
11746
1711
1087
6526
