5299
19294
25978
1132
30019
22024
22643
7313
6623
11098
25218
2455
29130
9569
22369
19560
29275
22823
16106
9859
2643
11444
8725
15745
32253
8982
18039
2620
12301
24159
30824
5813
31628
25882
25591
4164
1049
22791
5225
20945
5280
20641
6342
3517
13772
13748
27811
24536
12799
6891
31106
6582
12635
508
8510
18847
13182
16869
22296
13217
15393
17826
21788
23431
11867
9528
20933
10482
20070
20568
27180
12978
30051
26776
32577
14494
18326
28598
22121
13557
29930
27775
21551
1067
30387
3571
9775
10086
19972
13555
28003
20527
27396
2976
32075
32654
26882
13622
10353
18040
