8733
31577
16790
5230
6170
2328
10754
6904
21584
5864
7452
16971
739
11284
29653
557
8579
26167
29417
27862
9790
25006
1952
23984
30314
27405
31077
9003
1331
9190
32487
9051
20919
32723
13262
27151
14277
16021
18861
16629
28999
16574
22201
13200
31296
13173
3980
22281
27673
9860
19325
15983
4117
9687
29320
29895
21682
6331
18635
23137
19670
21435
25168
19724
9828
17549
9372
14400
6465
17243
12167
4408
11705
6881
1246
18211
29129
7063
29516
18183
19279
29385
5422
14409
5835
7434
21076
24500
22585
19263
19928
16138
18219
8259
22639
9483
19082
28327
18930
28848
