22981
13922
5529
19323
8966
13287
23946
19088
21798
2791
2222
30391
3147
26934
6877
21871
9367
1943
30316
27381
22715
31532
16039
43
22948
30566
2800
18472
32561
12250
16977
4728
24336
16025
186
28153
19069
29921
12188
368
8564
7135
31987
29146
28052
18514
16343
3064
29815
22149
3519
6273
27454
21008
17901
31015
8484
8367
24295
15088
10045
23574
21965
13691
29650
8367
25015
26823
1517
19955
22306
8363
201
16628
7461
14294
30151
4265
1029
10935
4142
29675
26711
1728
18064
26973
10880
25935
31877
18719
27912
21913
25844
905
15015
24074
5037
26980
26863
31100
