26678
24427
7500
14275
4490
21589
17478
28566
740
6566
8033
20183
16251
26655
7066
16263
5366
27702
29463
13833
21268
5373
12344
26262
19280
8447
119
16818
23221
25544
7552
30010
23548
17402
32487
14526
7643
22396
16461
15553
21373
32295
22775
27668
14670
1382
8385
5731
4547
29978
9174
2019
7084
32502
26385
21243
3166
4093
18835
8774
21133
27117
1520
4075
13824
27018
7229
16327
24977
11663
24353
17634
2425
5127
2707
29780
25262
14906
22669
25571
28768
28837
5484
15011
27679
3056
22745
13089
32405
8281
29653
28405
14623
32743
25482
21145
4222
3869
22356
2352
