3315
19186
8338
3708
10229
5061
7094
31445
708
28172
29226
17385
8567
22832
32354
6005
18285
30066
13297
19172
25037
3628
12152
13567
4712
15474
32235
4138
48
2160
17847
11473
5000
7172
32031
7333
26005
28649
25028
11260
21358
5487
22258
22471
6281
28646
2343
6251
20453
5463
15894
18967
27145
10296
5514
13607
24149
26326
16718
3949
30342
9856
28811
27913
17617
20974
11564
20659
22428
28784
29650
3150
5021
1661
21101
19353
27260
10508
7174
30778
20955
20331
15457
15206
26218
28528
16213
1834
7418
32603
29928
24280
22554
13684
31591
22628
19449
357
13863
6052
