28497
32122
3104
11469
25746
25289
9251
16351
4230
30258
8149
90
24804
24042
22281
21956
21820
12095
28936
2624
19679
1149
20429
24520
7048
12776
10422
7468
28474
27555
30675
800
29638
1117
6283
11387
30428
4491
1732
2176
10909
22308
14172
6006
5611
9760
11456
6516
22132
7204
14997
16423
1805
15227
17105
31368
20619
29311
13898
31109
23602
12938
24379
16831
2365
18895
27875
27338
11998
20249
13249
6495
32417
8547
14403
22733
19779
5038
23231
23434
31395
11305
30164
26087
31942
18546
3951
26550
11825
15000
11610
10142
5953
25656
16981
11385
808
21432
12903
14248
