24079
26009
26468
12619
3435
13598
3829
7618
25426
21194
31964
11249
2556
10565
5560
10404
31293
2718
24335
31424
31172
23288
6832
19272
8725
22262
24710
15472
7416
9626
25729
9244
30465
4488
10347
23860
23240
14726
20089
10357
14106
18300
26055
12184
28027
22230
12296
2719
1027
12713
7590
10291
32502
32523
24319
32728
32719
9604
20249
18472
3172
21210
4241
25464
542
23405
29904
8505
21976
11843
25521
11822
29220
25377
14422
24541
19383
131
25126
28628
4016
9174
1724
18125
25524
32165
12047
20862
28916
27649
1278
30934
21288
5220
698
18357
6005
15607
21726
29040
