19301
10692
20837
29367
8003
5660
14723
7692
30576
8716
25115
2996
1036
24047
14922
4149
14670
23379
30535
8604
24594
24786
14158
9235
8382
29538
18775
10749
21227
7939
20162
32309
9706
29351
24182
14216
5950
8145
4596
21536
9513
1274
25834
6444
25737
507
15729
8342
32036
31262
9082
26652
22836
10665
14411
28508
11508
31265
17930
3537
18041
25415
7970
15465
16918
23792
12172
13029
11475
2208
4744
21666
102
27031
4514
20342
4093
29212
22324
23039
6155
13340
28505
32380
23841
19369
32011
13330
16404
3080
14072
9573
13611
26219
13124
30094
3026
13985
21778
20966
