19162
457
31464
17807
22247
32605
1328
28361
381
28796
11919
30941
10994
17640
4123
4362
18925
13104
18358
20282
10371
31684
13032
31541
11501
6476
9919
5787
18925
7292
21329
2987
12688
12969
11293
27442
30106
32194
9578
8275
18472
29028
5824
17812
10533
26491
29109
28574
4586
29994
21270
28306
389
1697
30073
14261
6878
14123
16616
5942
6815
6737
272
25434
18607
6441
4697
17891
29654
1173
31212
8236
21563
16111
26241
21961
10974
1419
6162
7908
17947
19385
449
19280
8909
1138
3737
6429
27070
26048
22617
1076
20420
10093
16845
7260
2720
26257
26624
5636
