8512
4029
28299
2848
2025
10324
21042
7987
2796
11462
14832
32266
3609
13612
11439
15105
2481
26627
23620
15137
11443
23041
15341
30702
28042
15747
6077
18426
3269
7981
31399
12263
9873
21472
22881
17067
9710
20724
24982
25837
13034
16225
16300
4582
14555
32345
24582
19945
12939
6933
7824
23336
20603
959
18051
1532
12795
31723
13936
10515
25952
15209
6701
21921
3008
17331
21079
4134
27344
20319
1043
12593
16200
11844
5573
26321
27728
7729
30853
9820
9989
25308
3762
7761
259
12616
5875
25505
8933
5393
14884
15116
14661
7222
24424
824
100
24551
1900
6648
