13001
18585
24882
29407
11531
26880
16738
25734
23186
26399
25636
18945
20405
11490
1521
18923
2136
3469
22522
4031
27599
3214
31907
24974
32394
25436
23996
10140
12859
23697
24376
10363
18999
16252
4338
21088
30291
2423
5762
30275
19148
24379
27889
32165
9113
27668
24824
29042
5957
1669
15048
31030
28522
22069
30130
11567
13745
12494
22170
29619
7467
5171
25931
20124
7826
17767
17255
17359
32239
11140
6611
17043
26777
16309
10503
22757
16546
27971
26537
21952
21161
7531
9965
22413
10471
31023
19931
7346
8674
8640
29895
1055
19225
6274
18982
13095
27489
44
3088
7526
