27156
30045
21326
20306
14468
548
22896
4525
17246
30672
7256
592
6999
4137
20577
13926
9196
8932
27400
12835
25336
13277
12211
21490
4166
6464
27219
6995
7298
24381
19245
15672
18336
4751
3475
30770
18834
16289
16828
20915
4714
4351
5494
15804
14698
7178
11693
1864
12167
28620
28246
31118
3069
27604
24695
21823
30711
6190
14066
3832
28739
30897
24535
19213
8377
6251
28005
22659
18041
29750
24838
7350
17633
20429
21546
20966
28815
29289
6340
12462
7126
15176
17849
11019
5799
22
26589
31498
2917
19334
2485
1617
27069
6429
5930
32156
11362
4821
11641
11648
