10181
18676
10595
17752
13847
18681
10436
1745
18985
31968
11149
24047
18153
16474
2449
23106
26183
4861
16800
14806
18572
13511
12517
17947
24128
30691
8664
15228
3196
32216
10925
3536
2007
25232
9414
24524
27626
31451
1571
13690
12462
6493
27128
23291
12706
10074
19969
23111
17142
19185
25165
19422
4251
118
28582
7787
22323
31132
4850
2800
12741
8377
11485
4794
10791
7334
2914
1904
8644
4273
826
30653
25124
19964
13227
23152
12186
26520
19943
21024
22920
7423
20872
25630
6802
16599
10412
3650
25457
11480
16223
12368
29442
17109
832
31575
18955
29062
18376
26524
