30856
1701
1217
24141
12306
14028
11214
3606
27624
3017
26073
22207
17922
20667
23858
20937
8594
10435
17517
29900
7631
9920
19176
1112
20342
10343
11005
897
17962
6313
7325
9836
7945
16439
4007
17663
2109
9671
19063
7734
18224
21454
13017
28066
26112
26478
12813
14301
14640
12218
11326
21943
12165
3426
19323
9266
9985
25854
6657
95
8763
3604
6526
28601
13522
29730
12603
16886
16668
15574
19164
30735
31757
2811
6774
5208
14971
6164
5715
293
28852
3835
7520
15136
28903
2656
20673
21362
14634
19260
1484
14696
7144
16053
11001
29215
4877
374
17034
6115
