31707
5832
29634
32543
9618
20120
32171
7470
24645
31443
23183
15770
31387
1492
27767
15688
25327
22529
18933
18614
31309
29539
6677
4660
22321
32253
3994
28753
1482
23365
11435
24464
2147
22569
3807
4416
8017
11297
24825
21718
23051
14188
14158
14694
29691
6720
15806
24442
31953
17691
18741
4283
9824
11598
32638
22947
471
4129
9148
13130
4539
21548
15027
31724
1829
26029
29176
2316
4252
10970
9449
30922
27444
19465
2060
30130
19199
23624
22428
6135
32484
502
3654
14667
3820
27198
26117
10452
12993
25583
8234
659
19119
29484
5919
13495
7933
15968
20334
24218
