14848
30708
28429
21905
21100
27064
18507
17059
6547
3216
21776
7706
29108
7058
9115
8820
4248
180
21113
10015
9029
25784
10696
12799
9160
9343
27850
29426
3579
8822
18223
12159
30856
22846
15778
6301
14230
11513
22085
31259
11021
667
21111
19547
18288
20293
27882
21323
6229
15927
20885
24522
26509
111
22031
14238
12386
11135
28501
32591
20740
8841
28292
24231
29586
19893
30657
27390
27288
27851
17882
14406
22181
11742
8296
14478
6676
22387
3979
15982
24586
20046
10090
19442
20061
22664
8581
22131
28357
27793
20478
28617
12156
13846
6964
16006
6609
10273
12232
10288
