22874
26847
23271
18405
14109
10713
11037
15127
11679
27161
27227
12404
21643
18430
10085
6898
11605
19138
23770
9724
3722
18030
3785
30507
29573
20088
21793
3842
10085
9082
25986
27204
16621
13372
6814
9053
22452
5826
20204
9297
1760
9178
25985
21737
25535
22303
2634
11226
18682
13821
20157
2649
2446
30582
14190
20874
28663
4781
17064
26001
15836
30055
28601
12035
16852
29365
5871
19325
12709
29958
7801
25139
19849
14048
20369
5955
26482
10184
28398
29448
16329
31207
1452
4369
17905
30220
27591
2074
16665
550
10950
2809
12754
3807
6283
31827
29724
6200
24282
30975
