26356
23734
21675
21957
16974
13574
21526
5064
3302
32686
18317
15253
30539
4726
23700
5439
12781
27685
16980
19768
20399
5453
6138
23897
9718
27176
9696
13413
29719
17187
590
31339
22453
23679
20306
24518
32199
28551
20866
22096
31016
29489
23800
27516
24276
2437
11554
26626
5033
32692
11216
3852
3182
14156
6656
13188
26865
27043
645
16488
2714
22655
18428
18821
26358
18986
15735
3525
20690
18435
4509
8170
28172
30239
3434
29572
11953
13696
2361
12591
14194
20532
20382
19571
26391
22412
31912
10396
25820
780
17502
16164
3040
20128
3354
20000
14517
11033
19414
1800
