7992
21577
15575
4131
14212
28024
1168
23758
9223
27109
2543
30060
22812
31676
11673
20906
9706
702
16316
31671
655
18217
2055
9432
7059
29417
27057
230
21338
32141
25469
31305
726
31309
30325
7718
10385
32282
12553
420
726
2842
2530
8127
26114
18261
25119
1479
30841
8062
24460
11300
14691
16648
19988
23058
2387
25019
28195
32511
17247
19098
5306
653
11591
22105
16709
14002
1808
23726
17386
30176
30777
17571
19160
32528
6541
11079
1548
19658
13089
28587
30085
14841
15849
19911
4420
12367
23180
25034
13442
3386
27
18365
28587
31773
11999
20759
29539
11194
