16798
10658
7482
1593
17370
27360
14329
1714
13234
15214
26016
12881
13904
31791
17833
5948
2072
15701
23592
26560
12296
32169
6404
12004
7085
12175
3209
10790
19348
8581
30861
17800
13400
17501
26308
31478
28453
14626
13678
2705
3530
27067
6728
5951
25935
21415
15965
30562
1199
17998
19254
8949
14698
8416
874
27936
11737
15576
11143
30799
20183
14666
21196
2082
3972
19553
7854
2272
22298
7821
29245
18575
25213
18370
17465
16509
29709
21730
6205
31291
22843
26881
29562
30731
15889
7521
6874
31962
31051
30941
7383
3003
30673
31565
20203
26138
1013
5477
25730
22507
