17151
10527
26533
12963
5216
19334
31186
4034
14315
30226
18288
23807
10263
23280
2387
32621
1150
13131
9575
13174
25202
18464
30819
1899
20035
18985
3758
977
11523
22418
27593
13677
25627
19097
19794
28667
1663
20793
10763
26134
21885
18618
19775
2509
17291
583
17822
21563
13134
25514
27787
28361
4864
9531
3289
19897
20958
5369
16802
12033
11732
25114
18352
17582
13819
10551
31476
21353
23375
25220
25943
21160
21295
22817
18074
1688
7557
20897
32208
32599
115
16229
20013
7748
16531
20088
20485
13306
15605
20321
6976
11708
20537
28734
15583
9083
6818
22076
17180
17
