5586
12418
895
19110
7899
28355
1053
23132
30435
24783
29942
7013
10961
22712
26032
22407
2830
27687
15439
14208
21633
5189
4022
16828
23963
15416
16451
7356
13792
25509
11283
21758
16209
6435
26070
4115
31876
32218
7666
7878
9058
14095
2750
27828
30728
5594
30484
32325
9170
26351
6341
22332
27652
6579
2326
15784
15668
21426
31347
23636
17996
26804
12228
7982
14335
27119
9241
5859
20792
1596
32090
18207
3906
27478
12467
30077
32718
3076
1982
3901
7878
32496
2799
5318
5160
28366
14271
14653
29101
15617
22171
12711
10286
10635
15316
4479
32397
2082
19459
9675
