4631
21898
9170
32460
18191
31323
11425
8164
29418
4309
23415
5687
9048
4073
18566
7979
29996
24681
13951
9080
21643
17138
28950
32181
19401
18620
1538
12454
11497
20104
68
20137
3986
28559
18347
28982
24170
12087
818
31096
29154
31088
20334
6222
229
28879
107
4867
30075
10070
19568
9426
11467
31699
1608
14229
19089
14876
10877
7096
7507
27704
10152
10461
31941
3223
15553
28870
3217
18016
3441
9817
21532
15208
24521
10856
28101
26631
21005
32610
19785
19521
27667
4437
5186
19042
6555
19495
18595
381
21101
18757
215
17639
28094
8370
18330
7921
3645
3274
