21547
9477
3139
16051
7521
6850
4489
30904
21814
9052
12626
23005
28360
15724
22129
16900
13752
32714
18854
23803
11429
15157
20505
29331
12877
6784
32750
13
414
25468
4983
16703
21221
29835
4501
7270
16841
13894
24475
28905
31703
8469
9462
14870
15365
14992
31357
27203
32680
10701
8336
27663
9875
10811
16997
6908
28016
7662
15799
4210
29297
6682
29310
25753
5711
28242
30646
3556
20019
20669
27454
29756
18459
5087
23994
371
28743
8074
24241
28784
29962
14441
7738
4758
2858
16445
5875
28075
9216
10810
4212
25854
13712
19905
31780
18846
20508
14420
19990
15586
