1848
19154
26149
21572
1508
6267
26493
7544
22396
14761
25353
8382
16749
1525
26274
22382
6740
18304
31624
21971
24332
15487
31203
30341
21912
3219
20722
6589
5288
29336
819
16276
27030
16332
5483
31803
9947
12874
23206
2166
8832
15310
32467
1945
31072
19229
5784
5445
11649
18518
13750
26459
12809
18146
25191
46
4558
14587
9865
14026
10627
5694
1940
19571
18220
20544
28741
26436
24847
17898
19614
16570
11491
14064
31430
31650
7378
26219
6483
24490
22693
22336
21529
22666
29871
13645
6449
4834
27195
32412
27094
1831
22379
31258
333
5998
25967
11544
15843
16227
