27015
28964
7820
20972
9482
22851
31654
32594
3258
9646
5448
25120
22832
9948
31706
25921
22155
28378
20676
19719
20959
11211
22298
17867
16080
4540
407
3894
19734
10994
12955
2031
32095
16328
9019
12939
5271
4489
29520
16161
25006
4367
9560
23096
15925
15883
32586
417
15421
8073
11289
22740
26974
25377
11782
27213
4782
3873
32559
4154
29240
23771
1792
24876
12847
20607
7908
25753
19721
20962
29438
23154
4992
4986
27465
19946
27744
16170
2203
6826
22383
29040
9681
28517
4394
32273
27844
21948
30426
6828
12593
22022
17443
30215
2574
23855
1551
31078
29048
22670
