13298
2614
13081
22241
3419
5370
25328
6863
22982
4306
28643
20177
12221
16404
16065
19080
28063
8110
13227
31490
30424
1624
7920
31785
16401
24284
29053
2192
30901
30347
19099
14966
25734
16220
3531
25762
5961
4318
6560
8769
30569
22790
29888
12694
8353
32522
2785
29565
18848
29497
22472
25553
26458
1830
9487
18000
23941
27555
19118
8978
18043
31650
1186
31188
28277
3231
18361
4294
26601
5963
32085
6263
30233
11752
85
9178
1609
31930
14819
2913
26958
11274
363
29882
7583
1195
13537
26058
3672
30808
9824
17214
17762
22978
32559
6414
8729
20669
19561
18664
