3879
30731
27965
2651
5019
29256
29206
9647
15145
15514
21143
25637
31535
2484
17273
3234
6118
6867
20321
16842
4658
25752
32181
5317
16808
6640
10316
25369
12288
10216
11937
5342
17619
20507
17607
3958
21907
29883
26685
11978
5385
14189
7019
22193
10616
13305
18882
14162
12414
29012
1909
21799
19003
7506
16970
21763
23032
23423
19427
23558
25611
17583
30128
19633
14308
31635
18959
22874
21008
23799
6032
13950
24567
28020
9921
9361
30443
26488
13754
2265
10239
4436
30885
20003
6020
14595
10021
5986
26610
32363
17099
26016
7835
777
5527
7436
12708
12595
24091
657
