15544
5041
7269
29175
24777
20515
18248
4573
931
28437
28537
16053
32668
9123
25312
11156
22608
17636
12852
15097
31256
23805
11634
13353
18273
40
26524
281
18769
10351
27225
5818
13031
12849
22712
28879
24682
10008
28227
6144
28854
28030
18243
10252
19815
19804
32512
7123
31946
27691
14766
3359
3732
13382
4758
29161
9918
20104
27142
22493
4910
2842
30495
22177
2125
16350
18644
5195
27610
25846
6687
15781
27457
11758
15074
6639
25883
282
29610
26634
17518
22760
2199
14870
13441
17350
21306
18947
21127
15591
9130
10559
17709
10785
3362
976
3998
27502
11780
25819
