23894
3829
11446
12191
10585
23090
16142
22961
19806
8591
27992
1656
65
19341
19977
1434
25755
18775
16585
6055
10099
18842
23029
12104
17599
11180
28228
30229
32402
591
25119
2701
23552
23115
7024
32137
25849
22140
13119
18057
28983
4945
28818
17761
8600
10732
6008
1532
1166
21305
431
24509
17273
6480
1982
29692
24736
24540
16665
7524
12216
553
30176
6175
18607
9915
31268
31971
25547
29517
31904
16964
18334
7890
4941
19311
11438
9826
16445
14177
28394
32150
9612
11036
23489
9822
4496
15525
17002
31838
15317
25863
19970
14264
27586
14009
26793
32425
25127
4496
