11982
391
2779
32278
1590
26764
32014
19234
24293
19614
18878
30399
11989
29263
26394
13760
3525
20400
1849
1940
14199
11977
23524
32487
15211
14390
4905
3218
31561
8955
19486
8645
18539
2547
32529
3198
27931
14625
21542
18989
999
25243
23320
8978
11004
25551
22693
27533
17477
17851
12249
328
27611
19686
12489
9483
8118
16138
22760
4214
22384
22610
7415
17592
16470
5905
31397
4977
10976
31105
11296
10990
19455
2069
20785
7796
8427
32446
16063
15701
28451
6179
19165
15873
2263
6717
20238
16391
13311
29172
6154
5351
2398
20171
13107
9612
24293
27062
27134
31886
