13951
3915
11728
28712
6919
16947
17534
1397
1071
21993
22979
16324
14318
4637
26370
3302
28453
8674
22559
32579
24755
11926
19678
12129
22909
17778
4407
20200
13810
16564
7801
17546
5455
7272
12031
17765
2737
15101
23559
31785
1500
19869
22406
24325
31783
2740
275
11256
19280
7523
11012
18956
3589
9330
24852
16651
4155
12606
5319
14822
26702
12362
268
31434
6615
5788
31911
5393
24537
22124
6139
8848
20872
28438
26524
29362
14877
32053
26800
19103
13811
1038
21466
20870
22069
22809
6954
13065
27437
7782
1869
6493
30405
7784
44
705
7983
4190
18518
24940
