17706
29447
9286
8750
11277
10075
3088
6822
24957
1437
20735
22164
14733
10324
30343
19437
28440
24755
25863
24856
7543
4038
23348
1099
5310
31678
16714
8326
6189
26554
12181
3912
26469
19043
23980
2015
30366
14859
1530
31893
16385
22294
10845
29457
32491
16598
28923
4474
4698
7786
25158
4014
13304
11775
28259
25472
13008
13575
6928
24195
16169
26804
21317
30894
2952
12724
18117
3027
29351
467
7993
2355
14183
31287
25963
5029
22244
21912
19486
30892
16091
28856
25833
12688
16046
17532
19337
26314
4057
11948
22735
19090
2757
20418
26264
9144
23942
22431
9984
15823
