928
8045
1982
27547
23080
20369
26789
22846
7115
19095
18851
7622
23959
2448
2461
20070
21400
26251
2980
22787
5885
24107
4887
5050
28471
22551
8568
30767
5280
28795
18646
10950
21623
9392
28672
18986
18780
3893
14569
1079
24529
12768
16861
14461
24564
12472
14810
15970
25740
30410
9505
26751
17070
434
28385
14272
20310
24354
29020
31365
25099
25314
5762
29554
3103
8148
16478
14367
7267
22808
27085
24336
20626
26004
13718
25077
24817
16376
32494
3093
26059
12017
30040
6088
2730
23672
6397
23965
3142
6974
21896
32360
11124
8151
6143
9491
16035
27646
10177
20078
