3296
1654
19997
478
27815
1399
32269
12276
27666
24425
3412
24428
27177
22034
31306
19340
3266
16886
17065
3139
8581
30421
22703
1134
1042
1360
253
3038
27382
2146
7041
20796
32378
14346
26912
32697
5187
4054
23426
23328
25596
25041
2764
5756
22851
5182
3796
14892
22822
2267
32626
19499
24692
493
18578
8802
607
32744
10241
2270
31201
23813
17302
31508
1594
28692
23008
12774
20350
31010
20858
20499
18183
21085
30238
20543
11032
28161
22923
27437
31303
30669
27061
15164
6021
18089
20962
1992
12412
15532
1956
26997
14737
3819
9636
27074
31303
3873
26699
16001
