1564
27871
19268
1570
18232
30695
314
13711
24586
2714
14282
23661
9994
13727
6433
7989
1764
640
28038
15724
17137
12968
2402
9530
10703
4056
23574
23546
15723
31695
9570
26417
30176
4044
16018
7286
18731
22280
7497
31458
19918
18500
8570
11092
26238
8759
1797
1104
22717
5939
29314
26118
27339
928
20827
29617
6879
27097
24272
24359
13136
27348
23449
21929
31986
14521
12699
4885
4600
29842
29047
25183
4307
19553
7755
29528
24576
26993
21169
12837
15371
15802
9394
29762
23735
19995
30928
16592
29509
25132
27035
30908
11017
7468
26467
26896
27384
145
2175
3813
