8528
14563
4156
8801
25462
203
27640
1426
26895
2757
27042
18157
10490
4005
19498
7846
22688
3937
30061
4490
7445
3041
15815
300
18169
13994
1911
14023
30716
31710
31891
27244
9030
6969
31442
5036
19801
26674
1471
5640
16017
26272
28260
6735
27177
19053
31462
14219
24593
20610
11115
8165
4536
25787
26956
6765
11007
29502
4637
21452
19680
20482
23958
26579
456
19033
25405
24030
25051
9168
22767
23332
20549
6149
14578
19868
29732
13256
12725
7820
9890
9124
15734
25444
1862
14256
13187
2101
338
24490
13495
31042
3818
24447
22343
7413
29314
32296
6063
9625
