30162
27084
29155
12394
13578
26541
23797
4827
15840
31361
442
3083
17803
28891
30161
11323
12010
13394
17340
4331
26489
2211
17403
15589
12985
11711
10800
24160
10681
29958
5598
19481
14576
23159
2802
28980
19688
16552
11531
567
14696
4158
12781
2942
6686
24189
10699
30163
6596
23208
9656
10964
29554
26405
30337
19636
24404
23511
15550
10345
15999
14435
13416
19332
2234
5391
12256
20178
26242
10787
6923
9117
29659
27559
18614
29144
15055
12571
7137
1971
17394
31825
29541
13926
1167
27015
27314
1837
27230
25987
13295
13158
11687
31545
12472
9400
22863
9544
23053
18521
