9775
9180
24739
3423
32277
27099
1124
27366
28539
11895
20174
3911
22888
30114
7035
30464
29418
4140
5331
32284
15870
18463
16104
9442
7288
25433
13036
30564
28984
24505
4424
26357
1617
31194
32163
3033
12081
29745
3462
2225
29309
3071
27550
12176
15038
21014
21022
31387
11908
8344
12744
27788
946
19830
9344
1505
17202
24764
2592
25465
21031
8787
7267
26823
14590
354
5676
28279
28888
12776
13799
30241
13534
31782
26765
20385
8089
9440
4225
18988
24033
8310
23319
6823
5090
6024
3740
17364
27468
9041
18103
18403
18118
13641
8021
16992
25326
10087
5031
4308
