20943
7480
27909
2017
27729
22828
11809
10441
25887
31988
18215
1169
27754
20978
5185
27744
14121
2631
30205
2245
2490
26592
32237
164
13324
21413
15998
25943
26059
5018
16829
7463
14369
18679
7765
32042
7717
18760
25181
32207
16565
28390
25681
14043
998
17016
7946
31669
24802
22030
30138
24348
29851
2446
9669
995
139
29307
12353
11372
17202
11880
24647
30191
16968
18839
30514
11276
31482
27482
4483
3346
30228
17101
18115
2091
26378
3146
2216
6659
5232
6888
11621
32175
17510
22125
11036
32246
30166
25957
32763
30203
25263
29490
32203
17820
12899
9414
30749
25931
