15035
7509
24651
2201
9355
30505
23170
13098
24659
14335
29726
7605
4958
11615
3110
15744
23499
3283
6791
19630
27295
11354
840
14792
16486
3708
18155
10806
6520
17759
6327
25997
26403
27676
30044
12475
3902
24453
17761
12078
20894
31770
20833
759
27248
5681
17952
5993
10056
8721
25861
26208
23580
23451
20078
16849
14508
31268
29602
25071
12269
13840
11362
1098
22599
15643
30423
19359
29202
21392
26402
17168
5112
14832
30472
19945
22589
23444
5107
26192
19476
837
24435
12069
31314
19412
27573
30151
11667
11256
28145
7466
3304
6431
26457
8712
32661
16505
1473
27811
