28585
3761
11863
3557
2913
21086
21458
22008
21578
32531
24476
9162
16669
30853
6935
20849
31722
24887
4528
30672
5902
20647
12225
29892
4905
17677
30544
17883
27213
4846
8707
13309
23154
4904
29595
29817
27297
18833
5620
28963
22245
167
11530
12148
6260
9241
3018
15038
14842
1741
18356
16034
22227
30052
22029
15420
21556
31651
22444
8211
24370
2185
5551
28736
12683
31366
17614
26869
25996
9867
18059
32667
17613
11572
22801
6530
17347
31587
27558
6187
3091
27786
1076
14698
5696
30700
29573
29979
30999
1931
32267
18899
27194
9634
20988
6264
12394
18609
1810
22290
