3917
9738
8268
14035
31264
2043
6895
1483
30844
25563
23966
1811
12386
9169
7800
425
23060
348
28979
45
12067
24978
23280
4651
31065
251
14640
16247
30665
32272
7323
13455
21544
13132
31073
7040
5349
6686
26806
13322
11849
26496
17445
10986
10840
11751
21858
19577
15431
11469
1865
7006
25715
633
5823
31261
19001
1950
25359
16908
30948
1455
25231
15256
19530
27535
9256
26729
29256
5441
6276
16326
9949
16536
25642
18275
32094
19204
11868
26022
11801
10504
7769
648
31804
770
13844
2824
27298
32602
9955
18940
4777
24423
1692
4886
24865
876
26837
9894
