681
30360
11518
5763
18332
32077
30100
2504
26619
20968
1815
9438
15454
32235
31249
4795
21526
8654
31854
22741
12045
17792
8709
17486
14253
30120
13668
31341
24586
31565
15047
11861
11191
15234
1071
23966
24674
4113
9537
8278
15622
2033
1751
25273
7064
21602
4752
26586
19606
23068
6960
11990
11938
20201
23121
21056
8759
3990
30961
20643
18258
3932
11011
5239
22262
32062
13025
30137
28696
5124
13240
19817
27219
12620
16518
31024
2555
23842
14068
2249
119
10017
2079
20158
29874
28284
15830
26665
4634
4720
10101
14463
17738
20045
23945
2493
32326
20329
9057
3024
