24506
969
18793
24172
21694
9069
4180
18623
4748
22441
15267
5960
12618
5893
31582
4057
12235
529
28199
25306
10564
1173
31753
1938
16269
5267
171
3670
22712
26397
28248
10247
16518
19626
410
19814
5992
24954
19056
14902
19659
31645
13782
16280
17755
12776
20268
3117
10252
28775
13210
2836
32582
10794
1969
4668
31354
1671
21085
10626
25511
13137
17317
23736
28884
14358
1758
2951
2547
19901
21324
26997
22257
2214
5024
11973
24780
14400
8422
5227
20969
20809
12165
28462
32389
9619
30164
30223
708
22997
27982
22346
2547
1711
1568
31590
3428
24705
3514
21747
