24757
12618
11001
6440
25619
22414
24232
17287
29525
10078
20322
1688
13780
8868
32454
22337
2220
10518
3320
6879
31211
48
30132
17201
636
15658
13304
91
12956
21813
22050
4497
2876
17262
14862
3658
27731
24204
1259
3278
18064
17716
11273
15131
17618
26381
9863
17900
15987
4736
25672
27646
9842
9773
29652
6485
21248
29529
1101
31588
8168
3953
24811
8172
29534
29243
11479
8932
24842
1284
3240
14838
31258
3278
25002
5373
16070
25639
737
17265
1509
18098
5663
10687
1594
4398
7760
20058
8388
23165
30274
5501
31477
10285
29977
2280
30516
9120
3289
13879
