6160
3286
4175
28483
18886
10544
11019
6945
23315
28049
6882
16156
29480
8886
7107
30225
13241
21897
24041
3274
20163
7269
1832
10043
22972
27583
9755
29197
1626
18845
10684
16072
28880
16594
19051
930
15258
21958
31287
26256
16422
11001
29682
17944
6983
8620
26967
7345
24288
27281
7469
12567
10452
7552
26606
26790
12505
10755
779
32374
8529
30506
5683
15514
24985
15779
14461
18746
14611
17866
299
31482
27489
2718
25241
22347
16544
3985
15569
5601
15561
3553
23209
24319
4560
12839
19194
13939
26531
18604
15943
30338
10378
19760
19366
22415
9338
25907
9921
367
