2914
3929
24728
20788
2228
4352
14729
869
1330
24631
25307
18292
13136
3703
21177
10031
20316
16598
32269
18780
1220
5347
27769
10516
9542
28345
39
19168
23448
9126
15670
28503
3746
28699
15691
12990
9205
20075
10728
25870
14809
9178
28694
31637
15817
30911
5503
32425
14921
19364
11265
10066
20434
296
2917
25810
17581
27503
6572
3333
3912
29652
11787
1988
9358
5453
12906
377
23626
19868
763
24322
13578
25048
21304
16447
9995
3955
26057
3481
27368
21608
8815
27180
9357
28396
5937
25284
27344
9616
22834
15172
3508
30117
18524
17607
15198
27469
11063
32473
