31163
12094
13427
2270
28098
8226
15048
24694
3206
22558
16690
26399
26667
3178
21132
6779
23107
11648
2964
25700
3286
23562
24694
3705
25968
22049
26131
3657
13452
7889
31342
9676
6637
25199
2883
32434
1015
27636
14396
17050
21668
10083
8305
8379
12689
22742
28021
22593
22916
4706
5571
32169
2015
27329
17036
21536
23630
13267
10740
4408
13934
13268
127
22415
5538
6220
25085
18617
11581
10247
5964
22526
3208
22711
9118
12192
21251
16148
28625
13709
30363
32561
15955
23363
20276
13188
27675
2952
15260
15127
950
30983
2695
24585
11244
13267
6431
29657
32408
23159
