1615
28468
29117
26371
8950
28068
23473
32733
21623
3689
15551
30050
6363
12303
25962
24925
26124
27446
30951
11636
30458
23308
18619
16404
8298
18539
2701
21375
31116
4101
1347
19497
23337
32492
32427
21562
19930
31025
22840
12014
26552
9636
29232
32025
9587
26683
8433
2334
16300
21259
16393
26148
4050
23811
14995
17637
29777
9734
4164
11204
10776
20284
8752
22223
31974
2171
25965
6533
12742
25034
19605
31338
6446
30249
8818
18314
27797
24663
12914
390
11163
32032
27121
32318
28500
9524
19599
3431
1178
17140
27455
7410
4178
6552
26704
4558
5228
3033
4031
26380
