2036
20889
20479
15269
2293
20826
16180
9422
29035
25135
13237
1124
30538
19620
30606
24309
27912
18571
23586
24073
25833
8022
29378
25722
17488
1233
23708
9625
12864
13956
15647
1173
32171
6641
20381
27628
11478
18925
9233
32681
24793
32531
27704
6842
27004
29100
7157
3717
6971
32355
26235
25719
2876
18442
12970
4605
5840
30644
1039
15015
21302
20474
32658
6155
10930
13589
9770
13642
18975
24922
6141
5645
23193
10362
12210
29540
23786
13850
12420
29836
20401
9885
17456
26702
8195
29941
20959
16816
10070
17825
27221
7660
4800
7598
16769
22255
5698
3813
9990
13598
