20181
16005
14019
3935
20652
29695
11583
21546
14801
3459
13393
20325
8330
3130
21355
22069
2902
31583
24944
19663
1547
2595
17456
22030
20696
25715
1121
16191
28539
12814
30001
14852
1373
27001
24427
16075
8849
1487
5484
2398
18127
29894
11905
27564
4529
16528
32127
23298
12461
19663
27579
3528
26323
25163
31698
19752
11807
14203
15452
24492
27853
15165
29692
24673
17110
12625
28191
27683
12185
12943
28396
4595
9923
32644
23549
6329
14110
28690
24286
4192
11623
7010
6979
2130
1329
6639
15588
18207
28953
24967
4149
26116
16647
3559
24093
7139
11233
4174
12186
20087
