31615
8064
13289
13273
15851
11566
151
22763
26020
10455
25211
11479
108
22097
13620
13320
15235
25798
11201
23165
8321
21055
28163
13912
27535
14887
32470
23556
24477
5301
6065
8594
11050
3071
19976
17516
13479
28452
29293
7119
31055
21761
1601
20579
22233
5309
18174
32546
19302
19340
11573
13726
27655
4899
6259
22063
19959
16364
15738
17973
25903
17933
9702
31453
32689
6980
17370
26383
26361
7158
25607
24648
14263
11184
21797
18615
3377
18763
5391
27035
4539
10996
11020
19240
29365
2830
26695
13760
7897
22419
11441
24599
14775
17198
19444
7882
2341
9160
30887
18031
