13059
24629
23011
25921
24641
8402
32119
22068
11493
12137
27037
26789
31086
30175
14698
12451
21045
17914
24883
1148
14546
4584
28619
16293
3436
2792
20264
179
6465
7690
32221
3378
516
7494
15244
9336
7040
15149
12926
8291
29057
30491
15010
5053
14253
30336
29781
21789
538
15983
12613
28818
19264
2421
5725
28610
2056
4470
10867
5256
13923
27116
17037
27539
11897
11385
1117
18079
5406
15865
27282
20199
21504
1833
23125
10226
16832
19080
26707
30761
8976
17577
23620
20686
18477
16093
24239
31275
22762
14155
15080
5830
32265
15123
2939
26293
12211
15012
11504
27893
