30453
9337
9908
14726
10774
11057
26960
18058
18285
29437
219
19544
20073
9772
22999
3528
8074
16932
1686
5331
29882
12120
26490
10344
28096
7593
3580
15468
31565
20191
15855
24965
4979
6960
5794
9169
14296
8512
14855
32585
15623
29309
4899
14488
10692
23497
6755
12538
9565
10194
9156
28832
14772
14050
23794
23434
3948
7470
23218
31187
25031
3056
3545
17618
1445
19549
16004
3983
12738
523
20752
16635
22602
11817
24080
4714
13559
29505
24110
26964
22740
28425
4810
10816
10865
2481
6823
7179
26942
1005
4999
9599
4469
27032
8928
25583
11774
20847
6676
21219
