25149
18183
27795
119
10060
9612
10240
13879
29518
15964
25044
28493
30970
8892
8297
10574
1470
18790
3640
16575
1462
18920
29148
24982
5473
20234
20099
15959
838
2035
14454
2582
26779
20345
14419
12120
27657
26627
28234
2943
6559
24128
534
14766
9257
20137
2831
18248
2266
19101
22503
12965
5998
693
590
872
23288
8453
5572
6656
8700
29772
23991
21050
2507
9735
13455
14085
29074
22239
9603
22731
7013
20299
32243
12590
4427
4636
4880
11981
29423
27601
10706
14201
15193
5884
7897
1316
19940
31785
2275
16652
12776
5210
19360
14260
10432
29795
15073
22138
