23541
3932
9790
29769
7945
11311
29251
14910
29371
2669
8974
17429
32023
14542
9112
11435
17928
27033
2854
13683
18406
2287
13524
29173
26014
1802
28919
3468
9718
27389
24095
2390
16510
25784
6293
3196
16405
29401
9312
26934
4492
7683
13132
5060
21532
9707
4300
27576
11587
13851
24494
27562
9069
279
24478
20720
5167
17808
19454
25867
31740
6101
16717
30254
5692
1529
29357
3849
25105
3793
31524
11830
13876
20515
20063
25212
30673
26788
6524
20517
27447
8070
26035
9591
31692
13404
15468
1914
6387
11644
24147
28580
7320
29820
17129
30327
19089
5050
15125
6509
