8001
9082
23323
2403
1873
7988
15916
26969
7239
17217
15794
12039
4969
5895
28830
22975
22515
26330
17574
13511
18528
13069
28124
10478
23926
6920
22355
17548
107
16558
6535
10864
20385
490
26982
17801
25430
27531
16152
25548
14636
19754
7646
31050
7301
10979
29631
15866
17855
12998
10454
20940
32213
21740
7614
25415
9769
2556
10880
22875
6581
5812
10523
20464
23913
19568
29055
372
17324
3591
3435
6837
4032
22877
15244
7817
3818
393
26533
22042
32489
9347
17772
22335
8157
14515
13294
28088
8055
27345
31807
21681
32490
3374
8786
3398
10092
20571
11674
10286
