13637
7579
1798
23031
10017
6289
30786
30430
2088
12782
8118
13954
12689
20908
11795
3651
11498
28111
20049
20077
5858
28334
15260
20231
29297
87
4495
28961
2256
22506
31518
8590
8094
5410
11162
12621
24002
7191
21013
4537
18917
9755
25085
18944
30558
31257
16459
14185
1700
20576
4978
26073
14657
2439
19989
2235
31833
3402
10648
24815
13968
28640
52
31694
13570
26800
13274
31528
12763
29935
14283
12716
16812
21424
960
2355
12641
9213
27811
6800
7044
16549
26525
9403
7877
14471
18264
5748
18251
23661
7610
25401
27684
2976
32190
26015
18873
14166
15168
13936
