4323
20259
18915
657
20192
9047
22101
9853
2359
17709
13876
17287
11165
7603
9267
15551
26761
20207
132
32123
20288
9914
20694
17732
13651
9739
14670
20037
28277
31773
2643
8734
5732
7977
31775
32439
19328
29899
4360
30568
3478
10730
25329
4853
13858
4735
5255
32402
26379
23022
25309
20910
12436
26286
18593
4189
8696
28306
25395
30445
25136
30485
15621
13510
21454
21686
20414
25900
30619
3940
18700
27429
2408
20969
29416
1392
16201
6690
903
20603
27320
2596
8119
554
25516
23921
29857
11699
7977
29573
28494
15524
28171
28151
12688
9016
31218
22697
24388
14453
