21087
1098
24016
11639
13220
2996
31554
20359
25372
30486
31062
18533
5321
29608
19788
24934
19164
30231
11989
18537
16403
24200
32215
22885
17249
16784
8987
4979
1864
25692
29926
31964
7874
5644
10223
25972
20756
21989
749
18410
3197
10730
6778
6831
29987
10875
5824
14066
26785
30340
30383
6822
19142
22531
25995
23001
591
27966
9287
22723
5915
15186
21190
1020
24671
8840
18903
4622
6293
13952
10716
24250
17346
20076
16525
10903
21819
17202
20049
24801
31892
11768
11223
21533
29600
16956
4797
27667
5810
13487
3015
26635
1007
28671
29114
9360
17215
11545
26491
26628
