24462
981
28563
30512
15289
18001
3380
29756
21010
18403
24195
6691
10253
7649
22694
17883
28696
27228
30517
25555
22922
12800
31529
25710
6690
29614
31589
21914
4963
30659
17056
20544
14678
26234
12610
248
25373
21618
20058
6671
2013
4792
16556
2751
12522
31167
2304
1371
16691
18152
30506
1818
30668
9144
23158
18793
13737
12761
22813
21421
8828
22793
14398
15093
20025
23957
15739
29872
4715
20782
21700
11786
23064
2726
27950
5190
18181
23424
22975
17834
19045
31495
24713
29475
9794
1927
21114
5710
12857
27912
19322
23949
12826
8431
21447
25890
15878
18701
11082
18665
