16382
23689
26522
23548
12550
22646
21543
31087
10670
14792
17420
18626
24099
3589
4442
21240
21978
8365
27563
26222
25623
21410
32367
24956
13425
4123
32018
965
6089
21729
18610
15071
12049
20444
19176
30197
41
10958
1221
18199
23991
23791
2750
31535
30207
5860
11207
17649
22217
22707
4797
28612
839
18770
22164
19428
3745
9221
6024
5643
26325
30834
12359
24605
22174
23529
31137
32201
26517
4106
13636
18951
23779
26058
21841
29115
31314
31105
22988
381
28991
15204
31454
12067
31922
24699
30607
6344
11287
28231
15206
19411
10864
23170
21197
14838
30878
5277
31323
14565
