23285
20946
22386
10876
27005
17360
17295
7086
25286
23077
4593
5281
30191
25962
19829
323
6692
3531
24161
32490
29090
27769
6610
31808
32636
24893
17692
31692
25854
12078
6081
24298
4561
25149
26025
24499
12843
32553
6041
6834
28171
28456
21434
30614
27167
20320
28436
10816
31642
5177
20873
16083
26961
26637
20597
21364
10231
6334
535
32364
13288
8249
21576
1465
1590
25706
12570
23430
26528
30596
12106
28464
1603
26063
6465
15527
16877
29181
14630
17366
13763
28649
31551
13169
24248
10142
6955
18663
29905
27357
441
29775
4916
2634
19055
792
25738
27123
28387
7921
