29458
19059
26151
24442
2072
4235
21805
22826
4189
31409
17374
50
5725
958
32065
31175
15875
26256
7299
8963
16820
14586
20216
14644
11531
21248
26524
30699
9569
23080
7198
14134
2447
10561
8380
16002
5316
9041
14719
1705
3156
32324
29945
18712
2170
12018
16933
25998
2508
1707
28214
22127
28360
24055
9363
2877
9610
11264
26465
27186
7619
12072
10500
26528
2476
20428
31809
17735
24062
1688
6703
20215
26777
22607
29118
11835
31201
20216
14663
2808
18456
24562
11850
16221
6083
14931
22914
7928
22985
22693
32106
23612
7604
21201
23498
21822
11771
28186
15237
29078
