12074
12982
6708
1623
30102
31411
11705
6717
23668
6971
29302
23322
17954
13084
14289
15327
895
20149
7608
18943
15810
15688
4962
12488
22073
23693
23270
21088
15387
24752
5654
15450
26750
30503
27959
24857
31703
5463
17509
125
20667
29253
17574
13770
785
9614
23558
26751
7276
19173
9797
19235
7832
22672
8248
3724
14294
27880
7586
12802
17306
30794
26314
6162
878
23013
5992
1233
27528
30923
13129
12962
21097
2941
27934
30448
25553
29423
25042
27612
114
1725
7473
15278
20611
29373
31144
23060
30292
21408
25781
20654
32603
31779
5921
21217
31269
15663
4521
5294
