23155
23243
29731
24095
32332
22753
16548
31139
30705
4342
12172
27436
20217
31194
8998
12895
8335
19769
1379
25418
14190
16521
13612
405
10182
21887
10091
15597
5927
11426
29702
3241
21119
14611
20643
18461
5452
650
31200
3220
5740
19981
29547
6527
16333
24714
15175
4071
23976
25961
30790
31363
26767
23301
30830
7701
17790
30932
19348
7526
21752
7449
2086
6452
25749
12191
11142
4642
5117
31835
23244
13225
30837
6127
2463
28633
26515
5809
32138
19479
16970
20782
23015
9178
23421
13665
15783
20905
30827
31775
5603
14860
10826
2837
14332
9470
20006
31146
10219
22075
