15272
20050
18117
2501
7971
765
365
29460
18563
16821
3921
19524
18298
16039
25923
15198
20259
9314
29588
17399
23213
17463
18466
31352
7856
31539
9798
30817
28841
3115
8770
15741
9501
17263
26172
14885
2077
1444
6706
2490
13337
6230
1072
5153
16819
4743
6443
10310
11791
1372
5108
11944
15211
10102
23145
20369
28649
28584
12390
20670
8809
18433
32532
18329
22650
28664
18912
21217
29935
15778
32450
5927
21849
32662
5440
18409
23092
25827
19586
8686
21747
22135
25337
26699
17509
524
1325
3388
9130
11158
9389
13131
22109
14516
24078
17935
15468
29726
31591
25273
