9099
22089
5794
7375
2175
9481
9122
7276
13742
23699
4361
13277
9179
11568
27846
3870
12807
7866
31692
27775
19222
21937
1016
18540
25290
5190
14562
10552
27631
20150
20880
25892
26657
2679
12738
24181
9160
21332
32061
30658
2805
2361
15079
20080
16693
14601
16548
4831
3632
10465
27885
5848
24935
29877
17009
16757
9799
8311
3331
4287
7712
3141
16511
30247
6967
4631
30482
3693
20052
16134
24277
11486
30361
28101
17721
24746
24743
5928
6434
25044
23309
1320
15250
3259
31646
127
20105
17685
6825
5323
15283
13336
20608
10695
30933
8312
28619
13580
22877
9572
